0,273
0,270
350,35
10,14
10,184
10,276
10,190
10,142
10,120
10,2
11,3
9,7
9,4
9,1
9,6
9,2
9,3
8,14
8,13
8,7
8,4
8,8
8,5
297,4
297,3
297,2
297,1
297,0
198,3
198,2
198,1
198,0
197,3
197,2
197,1
197,0
101,3
101,2
101,1
101,0
95,4
95,3
95,2
95,1
95,0
35,5
35,4
35,3
35,1
34,4
34,3
34,1
33,3
33,2
33,1
32,3
32,1
31,3
31,2
31,1
30,3
30,2
30,1
29,3
29,1
26,3
26,1
25,3
25,1
20,3
20,2
20,1
19,3
19,2
19,1
12,3
12,2
12,1
11,30
11,29
11,28
11,27
11,26
11,25
11,24
11,23
11,22
11,21
11,20
11,19
11,18
18,1
11,17
18,3
11,16
11,15
11,14
11,13
11,12
14,1
11,11
11,10
14,3
11,9
11,8
13,1
11,7
